101037
102778
97181
105401
99516
97689
95897
97532
102786
308541
266195
319768
301249
301975
323837
305169
314986
301028
336972
331355
311529
334690
327585
333471
338280
327631
329897
328305
346019
347265
333699
350170
341937
344053
345462
342107
338901
336151
350033
353165
342370
353575
342697
345130
346402
347500
343098
347561
350151
351025
343884
363513
340229
348150
342637
347138
342774
344260
347845
344738
344447
384368
337197
335892
347731
344112
346327
330458
353028
329186
338966
334307
349893
325438
372965
326476
334957
345866
334335
297963
303370
295776
291127
292642
297436
293507
292787
296965
271494
595953
587693
586269
592986
509327
599545
587541
586907
576822
545344
990083
962993
992625
996111
952317
992378
989550
925580
971473
999171
