0.072004
18.3091
17.5251
0.124007
1793.51
288.314
57.8716
0.056003
0.132008
0.148009
0.180011
0.216013
0.188011
0.196012
0.16401
0.204012
0.216013
0.16801
0.284017
0.192012
0.180011
0.180011
0.192012
0.176011
0.224014
0.248015
0.17201
0.232014
0.16801
0.256016
0.184011
0.188011
0.180011
0.188011
0.16801
0.208013
0.204012
0.140008
0.184011
0.188011
0.296018
0.208013
0.220013
0.200012
0.192012
0.240015
0.192012
0.188011
0.184011
0.308019
0.276017
0.352022
0.260016
0.200012
0.188011
0.184011
0.236014
0.220013
0.220013
0.268016
0.212013
0.288018
0.276017
0.340021
0.276017
0.176011
0.272017
0.33202
0.276017
0.308019
0.224014
0.176011
0.220013
0.260016
0.212013
0.212013
0.300018
0.268016
0.244015
7.54847
1794.53
35.0582
15.481
1381.37
1795.05
0.776048
1793.85
1795.98
5.13232
38.1224
1795.42
1276.73
3.67223
0.824051
1795.65
8.59654
62.9159
1795.32
1.72811
1794.65
1795.78
49.8031
11.0887
900.732
2.80817
1795.75
1795.59
31.962
25.3816
