26972
27306
27129
28412
26816
26911
26433
26185
27610
75826
65210
78004
72624
73336
78868
74288
76198
72812
81478
80994
75822
81278
78738
80488
81758
79634
79230
79200
83566
84178
80552
84986
82176
82930
83480
82538
81318
80776
84368
85360
82580
85678
82372
83148
83674
83622
82446
83908
84430
84934
83218
87986
82164
84040
82924
83554
82670
83250
83974
83682
83555
92621
82098
81878
84521
83558
83950
80220
85577
80864
82776
81524
85773
79788
89845
80285
81943
84338
81534
74014
75036
73566
72338
72356
73340
72522
71486
73512
66930
140866
139150
138850
139760
121252
141558
138690
138130
135320
128026
226848
219702
226086
228582
216460
226176
225576
211614
222532
228738
